0  0  0  0  0  0  0  0  0  0  0  0  0  0  0  0  0  0  0  0  0  0  0  0  0  0  0  0  0  0  0  0  0  0  0  0  0  0  0  0  0  0  0  0  0  0  0  0  0  0  0  0  0  0  0  0  0  0  0  0  0  0  0  0  0  0  0  0  0  0  
0  0  0  0  0  0  0  0  0  0  0  0  0  0  0  0  0  0  0  0  0  0  0  0  0  0  0  0  0  0  0  0  0  0  0  0  0  0  0  0  0  0  0  0  0  0  0  0  0  0  0  0  0  0  0  0  0  0  0  0  0  0  0  0  0  0  0  0  0  0  
0  0  0  0  0  0  0  0  0  0  0  0  0  0  0  0  0  0  0  0  0  0  0  0  0  0  0  0  0  0  0  0  0  0  0  0  0  0  0  0  0  0  0  0  0  0  0  0  0  0  0  0  0  0  0  0  0  0  0  0  0  0  0  0  0  0  0  0  0  0  
0  0  0  0  0  0  0  0  0  0  0  0  0  0  0  0  0  0  0  0  0  0  0  0  0  0  0  0  0  0  0  0  0  0  0  0  0  0  0  0  0  0  0  0  0  0  0  0  0  0  0  0  0  0  0  0  0  0  0  0  0  0  0  0  0  0  0  0  0  0  
0  0  0  0  0  0  0  0  0  0  0  0  0  0  0  0  0  0  0  0  0  0  0  0  0  0  0  0  0  0  0  0  0  0  0  0  0  0  0  0  0  0  0  0  0  0  0  0  0  0  0  0  0  0  0  0  0  0  0  0  0  0  0  0  0  0  0  0  0  0  
0  0  0  0  0  0  0  0  0  0  0  0  0  0  0  0  0  0  0  0  0  0  0  0  0  0  0  0  0  0  0  0  0  0  0  0  0  0  0  0  0  0  0  0  0  0  0  0  0  0  0  0  0  0  0  0  0  0  0  0  0  0  0  0  0  0  0  0  0  0  
0  0  0  0  0  0  0  0  0  0  0  0  0  0  0  0  0  0  0  0  0  0  0  0  0  0  0  0  0  0  0  0  0  0  0  0  0  0  0  0  0  0  0  0  0  0  0  0  0  0  0  0  0  0  0  0  0  0  0  0  0  0  0  0  0  0  0  0  0  0  
0  0  0  0  0  0  0  0  0  0  0  0  0  0  0  0  0  0  0  0  0  0  0  0  0  0  0  0  0  0  0  0  0  0  0  0  0  0  0  0  0  0  0  0  0  0  0  0  0  0  0  0  0  0  0  0  0  0  0  0  0  0  0  0  0  0  0  0  0  0  
0  0  0  0  0  0  0  0  0  0  0  0  0  0  0  0  0  0  0  0  0  0  0  0  0  0  0  0  0  0  0  0  0  0  0  0  0  0  0  0  0  0  0  0  0  0  0  0  0  0  0  0  0  0  0  0  0  0  0  0  0  0  0  0  0  0  0  0  0  0  
0  0  0  0  0  0  0  0  0  0  0  0  0  0  0  0  0  0  0  0  0  0  0  0  0  0  0  0  0  0  0  0  0  0  0  0  0  0  0  0  0  0  0  0  0  0  0  0  0  0  0  0  0  0  0  0  0  0  0  0  0  0  0  0  0  0  0  0  0  0  
0  0  0  0  0  0  0  0  0  0  0  0  0  0  0  0  0  0  0  0  0  0  0  0  0  0  0  0  0  0  0  0  0  0  0  0  0  0  0  0  0  0  0  0  0  0  0  0  0  0  0  0  0  0  0  0  0  0  0  0  0  0  0  0  0  0  0  0  0  0  
0  0  0  0  0  0  0  0  0  0  0  0  0  0  0  0  0  0  0  0  0  0  0  0  0  0  0  0  0  0  0  0  0  0  0  0  0  0  0  0  0  0  0  0  0  0  0  0  0  0  0  0  0  0  0  0  0  0  0  0  0  0  0  0  0  0  0  0  0  0  
0  0  0  0  0  0  0  0  0  0  0  0  0  0  0  0  0  0  0  0  0  0  0  0  0  0  0  0  0  0  0  0  0  0  0  0  0  0  0  0  0  0  0  0  0  0  0  0  0  0  0  0  0  0  0  0  0  0  0  0  0  0  0  0  0  0  0  0  0  0  
0  0  0  0  0  0  0  0  0  0  0  0  0  0  0  0  0  0  0  0  0  0  0  0  0  0  0  0  0  0  0  0  0  0  0  0  0  0  0  0  0  0  0  0  0  0  0  0  0  0  0  0  0  0  0  0  0  0  0  0  0  0  0  0  0  0  0  0  0  0  
0  0  0  0  0  0  0  0  0  0  0  0  0  0  0  0  0  0  0  0  0  0  0  0  0  0  0  0  0  0  0  0  0  0  0  0  0  0  0  0  0  0  0  0  0  0  0  0  0  0  0  0  0  0  0  0  0  0  0  0  0  0  0  0  0  0  0  0  0  0  
0  0  0  0  0  0  0  0  0  0  0  0  0  0  0  0  0  0  0  0  0  0  0  0  0  0  0  0  0  0  0  0  0  0  0  0  0  0  0  0  0  0  0  0  0  0  0  0  0  0  0  0  0  0  0  0  0  0  0  0  0  0  0  0  0  0  0  0  0  0  
0  0  0  0  0  0  0  0  0  0  0  0  0  0  0  0  0  0  0  0  0  0  0  0  0  0  0  0  0  0  0  0  0  0  0  0  0  0  0  0  0  0  0  0  0  0  0  0  0  0  0  0  0  0  0  0  0  0  0  0  0  0  0  0  0  0  0  0  0  0  
0  0  0  0  0  0  0  0  0  0  0  0  0  0  0  0  0  0  0  0  0  0  0  0  0  0  0  0  0  0  0  0  0  0  0  0  0  0  0  0  0  0  0  0  0  0  0  0  0  0  0  0  0  0  0  0  0  0  0  0  0  0  0  0  0  0  0  0  0  0  
0  0  0  0  0  0  0  0  0  0  0  0  0  0  0  0  0  0  0  0  0  0  0  0  0  0  0  0  0  0  0  0  0  0  0  0  0  0  0  0  0  0  0  0  0  0  0  0  0  0  0  0  0  0  0  0  0  0  0  0  0  0  0  0  0  0  0  0  0  0  
0  0  0  0  0  0  0  0  0  0  0  0  0  0  0  0  0  0  0  0  0  0  0  0  0  0  0  0  0  0  0  0  0  0  0  0  0  0  0  0  0  0  0  0  0  0  0  0  0  0  0  0  0  0  0  0  0  0  0  0  0  0  0  0  0  0  0  0  0  0  
68 68 68 68 68 0  0  0  0  0  68 68 68 68 68 0  0  0  0  0  68 68 68 68 68 0  0  0  0  0  68 68 68 68 68 0  0  0  0  0  68 68 68 68 68 0  0  0  0  0  68 68 68 68 68 0  0  0  0  0  68 68 68 68 68 0  0  0  0  0  
4  4  4  4  4  0  0  0  0  0  4  4  4  4  4  0  0  0  0  0  4  4  4  4  4  0  0  0  0  0  4  4  4  4  4  0  0  0  0  0  4  4  4  4  4  0  0  0  0  0  4  4  4  4  4  0  0  0  0  0  4  4  4  4  4  0  0  0  0  0  
68 68 68 68 68 0  0  68 68 68 68 68 0  0  68 68 68 68 68 0  4  4  4  4  4  0  0  0  68 68 68 68 68 0  0  68 68 68 68 68 4  4  4  4  4  0  0  0  0  68 68 68 68 68 0  0  68 68 68 68 68 0  0  68 68 68 68 68 0  0  
4  4  4  4  4  68 68 4  4  4  4  4  68 68 4  4  4  4  4  68 4  4  4  4  4  68 68 68 4  4  4  4  4  68 68 4  4  4  4  4  4  4  4  4  4  68 68 68 68 4  4  4  4  4  68 68 4  4  4  4  4  68 68 4  4  4  4  4  68 68 
4  5  5  5  4  5  5  5  4  5  5  5  4  5  5  5  4  5  5  5  4  5  5  5  4  5  5  5  4  5  5  5  4  5  5  5  4  5  5  5  4  5  5  5  4  5  5  5  4  5  5  5  4  5  5  5  4  5  5  5  4  5  5  5  4  5  5  5  4  5  
4  5  5  5  4  5  5  5  4  5  5  5  4  5  5  5  4  5  5  5  4  5  5  5  4  5  5  5  4  5  5  5  4  5  5  5  4  5  5  5  4  5  5  5  4  5  5  5  4  5  5  5  4  5  5  5  4  5  5  5  4  5  5  5  4  5  5  5  4  5  
4  5  5  5  4  5  5  5  4  5  5  5  4  5  5  5  4  5  5  5  4  5  5  5  4  5  5  5  4  5  5  5  4  5  5  5  4  5  5  5  4  5  5  5  4  5  5  5  4  5  5  5  4  5  5  5  4  5  5  5  4  5  5  5  4  5  5  5  4  5  
4  5  5  5  4  5  5  5  4  5  5  5  4  5  5  5  4  5  5  5  4  5  5  5  4  5  5  5  4  5  5  5  4  5  5  5  4  5  5  5  4  5  5  5  4  5  5  5  4  5  5  5  4  5  5  5  4  5  5  5  4  5  5  5  4  5  5  5  4  5  
4  5  5  5  4  5  5  5  4  5  5  5  4  5  5  5  4  5  5  5  4  5  5  5  4  5  5  5  4  5  5  5  4  5  5  5  4  5  5  5  4  5  5  5  4  5  5  5  4  5  5  5  4  5  5  5  4  5  5  5  4  5  5  5  4  5  5  5  4  5  
4  5  5  5  4  5  5  5  4  5  5  5  4  5  5  5  4  5  5  5  4  5  5  5  4  5  5  5  4  5  5  5  4  5  5  5  4  5  5  5  4  5  5  5  4  5  5  5  4  5  5  5  4  5  5  5  4  5  5  5  4  5  5  5  4  5  5  5  4  5  
4  5  5  5  4  5  5  5  4  5  5  5  4  5  5  5  4  5  5  5  4  5  5  5  4  5  5  5  4  5  5  5  4  5  5  5  4  5  5  5  4  5  5  5  4  5  5  5  4  5  5  5  4  5  5  5  4  5  5  5  4  5  5  5  4  5  5  5  4  5  
4  5  5  5  4  5  5  5  4  5  5  5  4  5  5  5  4  5  5  5  4  5  5  5  4  5  5  5  4  5  5  5  4  5  5  5  4  5  5  5  4  5  5  5  4  5  5  5  4  5  5  5  4  5  5  5  4  5  5  5  4  5  5  5  4  5  5  5  4  5  
4  5  5  5  4  5  5  5  4  5  5  5  4  5  5  5  4  5  5  5  4  5  5  5  4  5  5  5  4  5  5  5  4  5  5  5  4  5  5  5  4  5  5  5  4  5  5  5  4  5  5  5  4  5  5  5  4  5  5  5  4  5  5  5  4  5  5  5  4  5  
4  5  5  5  4  5  5  5  4  5  5  5  4  5  5  5  4  5  5  5  4  5  5  5  4  5  5  5  4  5  5  5  4  5  5  5  4  5  5  5  4  5  5  5  4  5  5  5  4  5  5  5  4  5  5  5  4  5  5  5  4  5  5  5  4  5  5  5  4  5  
4  5  5  5  4  5  5  5  4  5  5  5  4  5  5  5  4  5  5  5  4  5  5  5  4  5  5  5  4  5  5  5  4  5  5  5  4  5  5  5  4  5  5  5  4  5  5  5  4  5  5  5  4  5  5  5  4  5  5  5  4  5  5  5  4  5  5  5  4  5  
4  5  5  5  4  5  5  5  4  5  5  5  4  5  5  5  4  5  5  5  4  5  5  5  4  5  5  5  4  5  5  5  4  5  5  5  4  5  5  5  4  5  5  5  4  5  5  5  4  5  5  5  4  5  5  5  4  5  5  5  4  5  5  5  4  5  5  5  4  5  
4  5  5  5  4  5  5  5  4  5  5  5  4  5  5  5  4  5  5  5  4  5  5  5  4  5  5  5  4  5  5  5  4  5  5  5  4  5  5  5  4  5  5  5  4  5  5  5  4  5  5  5  4  5  5  5  4  5  5  5  4  5  5  5  4  5  5  5  4  5  
4  5  5  5  4  5  5  5  4  5  5  5  4  5  5  5  4  5  5  5  4  5  5  5  4  5  5  5  4  5  5  5  4  5  5  5  4  5  5  5  4  5  5  5  4  5  5  5  4  5  5  5  4  5  5  5  4  5  5  5  4  5  5  5  4  5  5  5  4  5  
